K5 - Не планарный граф:

5
0 1 1 1 1
1 0 1 1 1
1 1 0 1 1
1 1 1 0 1
1 1 1 1 0

K3,3 - не планарный граф:

6
0 0 0 1 1 1
0 0 0 1 1 1
0 0 0 1 1 1
1 1 1 0 0 0
1 1 1 0 0 0
1 1 1 0 0 0

Граф Петерсона - непланарный граф

10
0 1 0 0 1 1 0 0 0 0
1 0 1 0 0 0 1 0 0 0
0 1 0 1 0 0 0 1 0 0
0 0 1 0 1 0 0 0 1 0
1 0 0 1 0 0 0 0 0 1
1 0 0 0 0 0 0 1 1 0
0 1 0 0 0 0 0 0 1 0
0 0 1 0 0 1 0 0 0 0
0 0 0 1 0 1 1 0 0 0
0 0 0 0 1 0 0 0 0 0

Q3 - Гиперкуб размерности 3 - планарный граф:

8
0 1 0 1 1 0 0 0
1 0 1 0 0 1 0 0
0 1 0 1 0 0 1 0
1 0 1 0 0 0 0 1
1 0 0 0 0 1 0 1
0 1 0 0 1 0 1 0
0 0 1 0 0 1 0 1
0 0 0 1 1 0 1 0

K4 - планарный граф

4
0 1 1 1
1 0 1 1
1 1 0 1
1 1 1 0

Безымянный пример - планарный граф

7
0 1 0 1 0 1 0
1 0 1 1 1 0 0
0 1 0 1 1 0 0
1 1 1 0 1 0 0
0 1 1 1 0 1 1
1 0 0 0 1 0 1
0 0 0 0 1 1 0